5
6
7
8
9
10
11
12
13
14
15
16
17
18
20
21
22
23
25
26
28
31
34
35
36
37
39
40
41
42
45
46
47
50
51
54
56
57
62
64
65
66
70
72
74
76
77
78
79
80
81
82
83
84
85
86
87
88
89
91
94
95
98
99
100
102
103
105
106
107
108
109
111
112
114
116
117
118
119
120
122
123
124
125
126
128
129
131
132
133
134
137
138
139
140
141
142
143
144
147
148
149
150
151
152
155
156
158
159
160
161
163
164
168
169
170
172
173
174
175
176
179
180
184
185
187
188
190
191
192
193
194
195
196
197
198
199
201
202
204
205
206
207
208
209
211
213
216
218
219
220
221
222
224
226
227
229
230
231
232
234
235
237
238
239
240
241
242
243
245
246
247
249
250
253
254
255
256
257
259
263
264
265
267
268
269
271
272
274
275
276
278
279
280
281
282
283
286
287
288
289
290
291
292
294
295
296
297
298
300
302
303
304
305
306
307
309
310
311
312
313
314
319
320
322
323
324
325
326
328
329
330
331
334
336
341
343
344
345
346
347
349
350
351
352
353
355
357
359
360
365
367
372
374
375
376
378
379
380
381
382
383
385
387
388